000001000000010; 

000001000000101; 
000001000000111; 

000001000001010; 
000001000001101; 
000001000001111; 

000001000010100; 
000001000011001; 
000001000011011; 
000001000011110;

000001000101000; 
000001000110001; 
000001000110011; 
000001000110110; 
000001000111100; 

// copy of top
000001001010000; 
000001001100011; 
000001001100110; 
000001001101100; 
000001001111000;

000001001010000;  // 1 00.. 101.. 000
000001001100001; // 1 00..  110.. 001
000001001100011; // 1 00..  110.. 01
000001001100110; 
000001001101100; 
000001001111000; 

000001010100000; 
000001011000001; 
000001011000011; 
000001011000110; 
000001011001100; 
000001011011000; 
000001011110000; 

000001101000000; 
000001110000001; 
000001110000011; 
000001110000110; 
000001110001100; 
000001110011000; 
000001110110000; 
000001111100000;