n = 16
0000000010000000; 
0000000100000000; 
0000000100000001; 
0000000100000011; 
0000000100000110; 
0000000100001100; 
0000000100011000; 
0000000100110000; 
0000000101100000; 
0000000111000000; 

0000001000000001; 
0000001000000010; 
0000001000000011; 
0000001000000101; 
0000001000000110; 
0000001000000111; 
0000001000001010; 
0000001000001100; 
0000001000001101; 
0000001000001111; 
0000001000010100; 
0000001000011000; 
0000001000011001; 
0000001000011011; 
0000001000011110; 
0000001000101000; 
0000001000110000; 
0000001000110001; 
0000001000110011; 
0000001000110110; 
0000001000111100; 
0000001001010000; 
0000001001100000; 
0000001001100001; 
0000001001100011; 
0000001001100110; 
0000001001101100; 
0000001001111000; 
0000001010100000; 
0000001011000000; 
0000001011000001; 
0000001011000011; 
0000001011000110; 
0000001011001100; 
0000001011011000; 
0000001011110000; 
0000001101000000; 
0000001110000000; 
0000001110000001; 
0000001110000011; 
0000001110000110; 
0000001110001100; 
0000001110011000; 
0000001110110000; 
0000001111100000; 

0000010000000010; 
0000010000000100; 
0000010000000101; 
0000010000000111; 
0000010000001001; 
0000010000001010; 
0000010000001011; 
0000010000001101; 
0000010000001110; 
0000010000001111; 
0000010000010010; 
0000010000010100; 
0000010000010101; 
0000010000010111; 
0000010000011001; 
0000010000011010; 
0000010000011011; 
0000010000011101; 
0000010000011110; 
0000010000011111; 
0000010000100100; 
0000010000101000; 
0000010000101001; 
0000010000101011; 
0000010000101110; 
0000010000110001; 
0000010000110010; 
0000010000110011; 
0000010000110101; 
0000010000110110; 
0000010000110111; 
0000010000111010; 
0000010000111100; 
0000010000111101; 
0000010000111111; 
0000010001001000; 
0000010001010000; 
0000010001010001; 
0000010001010011; 
0000010001010110; 
0000010001011100; 
0000010001100001; 
0000010001100010; 
0000010001100011; 
0000010001100101; 
0000010001100110;